2.1015
2.2300
2.2237
2.309
2.691
2.1240
1.16
2.2697
2.2095
2.205
2.3190
2.742
2.3069
2.1191
2.3004
2.2340
2.1435
1.76
2.2509
2.2021
2.279
2.1408
2.2017
2.1335
2.1172
2.272
2.2303
2.492
2.2027
2.1166
2.577
2.427
2.2936
2.603
2.535
2.2140
2.2961
2.1823
1.45
2.2250
2.1046
2.1731
2.1536
2.968
1.15
2.583
2.957
2.1074
2.513
2.839
2.514
2.2429
2.3013
2.1108
2.862
2.2481
2.449
2.350
2.806
2.1267
2.2806
2.2036
2.1399
2.445
2.1807
2.1386
2.1526
2.1603
2.851
2.3007
2.502
2.1229
2.759
2.229
2.3032
2.2444
2.179
2.1886
2.1055
2.2468
2.1903
2.1524
2.1357
2.2710
2.327
2.1885
2.1223
2.2869
2.536
2.1951
2.1732
2.2985
2.2083
2.1472
2.2907
2.1029
2.3069
2.1738
2.2711
2.1288
2.2718
2.1917
2.2031
2.275
2.2857
2.334
2.2954
2.702
2.1638
2.1891
2.1720
2.765
2.2006
2.1560
2.2741
2.3158
2.2379
2.2732
2.314
2.1096
2.1498
2.1614
2.713
2.2183
2.373
2.510
2.442
1.23
2.1359
2.3132
2.484
2.1641
2.807
2.341
2.299
2.622
1.18
2.1203
2.2291
2.1164
2.1355
2.2026
2.777
2.2332
2.231
2.1861
2.1023
2.603
1.63
2.2664
2.388
2.393
2.782
2.2738
2.2172
2.3219
2.2513
2.1030
2.2843
2.1400
1.79
2.1413
2.1557
2.1323
2.863
1.37
2.2299
2.3033
2.2982
2.202
2.3124
1.148
2.2100
2.1474
2.2598
2.2783
1.35
2.1145
2.2584
2.936
2.669
2.2776
2.1212
2.2976
2.2496
2.643
2.2534
2.1515
2.1372
2.3205
2.1530
2.2543
2.878
2.2872
2.1524
2.3110
2.3140
2.2396
2.1973
2.2389
2.442
2.671
2.613
2.3103
2.308
2.530
2.1202
2.3207
2.2422
2.2243
2.2289
2.2826
2.2031
2.2967
2.2318
2.2155
2.2532
2.694
2.1202
2.810
2.1524
2.286
2.366
2.237
2.2789
2.912
2.278
2.665
2.312
2.2776
2.3192
2.2569
2.2127
1.150
2.2752
2.2765
2.1020
2.1325
2.1587
2.1076
2.1576
2.2607
2.2072
2.962
2.2908
2.873
2.2156
2.1212
2.2106
2.2928
2.1719
2.2152
2.234
2.832
1.7
2.316
2.268
2.1358
2.2809
2.1990
2.859
2.1001
2.981
2.1189
2.1875
2.2004
2.596
2.981
2.3023
2.1630
2.915
2.3089
2.1962
2.2333
2.3058
2.1266
2.1273
2.1578
2.583
2.3202
2.1427
2.414
2.3111
2.1106
2.3049
2.3205
2.2236
2.3094
2.2690
2.826
2.1049
2.1536
2.1706
2.2240
2.2592
1.42
2.2433
2.2134
2.1666
1.116
2.340
2.2127
2.1498
2.883
2.3184
2.2823
2.219
2.884
2.891
2.1613
2.391
2.665
2.1404
2.3169
2.2905
2.742
2.3134
2.1798
2.3130
2.1038
2.1231
2.860
1.125
2.794
2.309
2.1836
2.1439
2.396
2.1045
2.1238
2.2017
2.2702
2.1149
2.298
2.2948
2.874
2.2012
2.414
2.1035
2.2707
2.1531
2.3063
2.1449
2.2841
2.2647
2.654
2.3190
2.2779
2.595
2.2420
2.3000
2.524
1.134
2.3046
2.979
2.1182
1.12
2.247
2.2708
2.376
2.1333
2.1828
2.2171
2.2141
2.1871
2.3177
2.363
2.893
2.832
2.2853
2.530
2.1082
2.671
2.3037
2.2465
2.1601
2.2842
2.1357
2.454
2.1599
2.571
2.716
2.3020
2.2173
2.1807
2.2314
2.558
2.2462
2.1149
2.3007
2.747
2.843
2.995
2.2876
2.348
2.972
2.1217
2.939
2.2492
2.522
2.3207
2.2092
2.2848
2.1004
2.2463
2.1434
2.2877
2.1702
2.2159
2.219
2.3159
2.1538
2.840
2.878
2.2507
2.2037
2.2631
2.3089
2.2040
2.2425
2.2614
2.2480
2.2758
2.2601
2.2583
2.687
2.1660
2.1945
2.547
1.143
1.82
2.1181
2.1881
2.2140
2.2421
2.3129
2.631
2.1251
2.1624
2.514
2.2751
2.2753
2.3012
2.534
2.2229
2.1672
1.82
2.759
2.1637
2.342
2.1836
2.3202
2.3142
2.466
2.1063
2.298
2.1170
2.1360
2.1379
2.1962
2.2324
2.659
2.1462
2.2351
1.75
1.8
2.2034
2.777
2.2956
2.340
2.353
2.938
2.2311
2.2770
2.1908
2.1342
2.1030
2.1293
2.3004
2.2436
2.580
2.2827
2.2742
2.583
2.1216
2.1878
2.243
2.3089
2.459
2.1899
2.263
2.2849
2.1300
1.11
2.2195
2.1476
2.542
2.241
2.2275
2.1826
2.721
2.2554
2.2423
2.1683
2.2121
2.2839
2.1153
2.3064
2.2044
2.1755
2.1719
2.1071
2.1847
2.809
2.1708
2.2501
2.1162
2.2008
2.1449
2.1528
2.1485
2.2242
2.416
2.292
2.662
2.1536
2.499
2.767
2.2128
2.793
2.3193
2.1388
1.149
2.2096
2.1312
2.1441
2.1659
2.2313
2.186
2.3074
2.2915
2.2027
2.1970
2.744
2.3130
2.2821
2.1615
2.1543
2.666
2.2848
2.799
2.941
2.450
2.966
2.979
2.2499
2.496
2.1664
2.423
2.495
2.1675
2.1763
2.2036
2.1920
2.3080
2.1199
2.2409
2.2951
2.2319
1.175
2.1604
2.1801
2.1246
2.1448
2.661
2.812
2.661
2.2957
2.895
2.249
2.591
2.2622
2.752
2.3186
2.3153
2.434
1.127
2.180
2.1553
2.2467
2.1725
2.250
2.211
2.1563
2.2119
2.1312
2.267
2.3172
2.1983
2.1969
2.905
2.1960
2.999
2.727
2.1967
2.2638
2.1023
2.3040
2.3185
1.15
2.1775
1.92
2.1599
2.375
2.2298
1.138
2.2384
2.2064
2.2281
2.1674
2.1734
1.102
1.66
2.660
2.2683
2.921
2.1681
2.2618
2.3013
1.112
2.633
2.840
2.2984
2.2830
2.1338
2.1098
2.2419
2.2116
2.520
2.3066
2.2950
2.3003
2.1747
2.307
2.2646
2.2796
2.1550
2.1436
2.927
2.307
2.466
2.1162
2.1429
2.695
2.2894
2.2340
2.2630
2.2913
2.293
2.368
2.466
2.2560
2.2887
2.2654
2.1316
2.2646
2.2498
2.1215
2.226
2.2986
2.887
2.2742
2.2529
2.462
2.442
2.1202
2.268
2.2070
2.407
2.2043
2.719
1.27
2.402
2.1273
2.2661
2.2443
2.1954
2.3144
1.135
2.2574
2.300
2.2491
2.2505
2.2616
2.813
2.3184
2.3127
2.2577
2.2463
2.1962
2.1415
2.2429
2.1632
2.347
2.810
2.964
2.2600
2.2272
2.2602
2.3192
2.2311
1.160
1.49
2.377
2.1491
2.3140
2.955
2.2998
1.145
2.2309
2.2571
2.445
2.1119
2.1947
2.1816
2.1549
2.1782
2.3128
2.993
2.408
2.2664
2.1236
2.1968
2.1271
2.651
2.617
2.2598
2.3071
2.2098
2.519
2.187
2.2997
2.2748
2.2193
2.2020
2.1005
2.2348
2.1459
2.1103
2.1006
2.2514
2.2916
2.1722
2.2485
2.2525
2.1175
2.1192
2.2006
2.507
2.950
2.2229
2.1733
2.1353
2.3070
2.730
2.2308
2.850
2.506
2.287
2.2113
2.1796
2.1819
2.890
2.2541
2.2412
2.2924
2.2044
2.1603
2.813
2.685
2.2024
2.2512
2.1479
2.834
2.2415
2.979
2.1869
2.200
2.1875
2.2432
2.581
2.2809
2.2956
2.1949
2.790
2.627
2.2936
2.651
2.2397
2.1173
2.1682
2.2664
2.490
2.1351
2.2286
2.2348
2.2246
2.3192
2.1640
2.1231
2.256
2.2945
2.1205
2.1129
2.2417
2.2040
2.670
2.2999
2.2425
2.2125
2.2365
2.1194
2.2867
2.2347
2.2423
2.1311
2.315
2.718
2.1417
2.1484
2.999
1.37
2.1961
2.2330
2.2784
2.711
2.244
2.917
2.1802
2.2787
2.192
2.655
2.1771
2.3122
2.1554
2.654
2.2671
2.664
2.1565
2.1203
2.2802
2.2675
1.158
2.2913
2.433
2.1185
2.674
2.2594
1.15
2.2865
2.3175
2.2983
2.788
2.1520
2.2883
2.2715
2.375
2.519
2.456
2.1889
2.2031
2.2919
2.1195
1.157
2.517
2.1840
2.2384
2.692
2.2351
2.1503
2.1658
2.2952
2.680
2.355
2.715
2.1213
2.457
2.2503
2.2083
2.3158
2.2082
2.1649
2.2510
2.1297
2.1013
2.337
2.2974
2.1366
2.956
2.715
2.2842
2.1922
2.661
2.2176
2.1835
2.362
1.150
2.3061
2.2461
1.57
2.751
2.2200
2.1434
2.663
2.2330
2.1399
2.2528
2.2329
2.1136
2.1307
2.1183
2.1844
2.217
2.1574
2.1642
2.1484
2.582
2.662
2.1658
2.2301
2.601
2.2131
2.1766
2.2244
2.2740
2.973
2.2420
2.2842
2.1356
2.1673
2.1172
2.1826
2.938
2.1628
2.588
2.2627
2.2426
2.2375
1.148
2.1526
2.2023
2.2535
2.1209
2.264
2.1091
2.1525
2.453
2.1115
2.1092
2.328
1.155
2.1077
2.560
2.717
2.3157
2.2005
2.1211
2.557
2.2368
2.2982
2.3093
2.776
2.2067
2.2870
2.3191
2.2303
2.775
2.800
2.1847
2.1951
2.892
2.353
2.1579
2.418
2.956
2.2816
2.2704
2.1418
2.443
2.2389
2.1936
2.1236
2.2356
2.1322
2.2962
2.1286
2.531
2.2407
2.1650
2.1919
2.3167
2.3032
2.1554
2.1796
2.573
1.97
2.1232
2.2493
2.3002
2.1171
2.1151
2.3192
2.1534
2.346
2.1288
2.2855
2.403
2.2512
2.517
2.2053
2.332
2.1199
2.352
2.3049
2.2798
2.439
2.2614
2.301
2.1206
2.2309
2.2004
2.2491
2.2178
2.1320
2.1854
2.1733
2.2002
2.1547
2.592
2.610
2.1759
2.780
2.1965
2.3144
1.142
2.3211
2.2376
2.2032
2.429
2.3098
2.3090
2.2474
2.2667
2.1505
2.726
2.2694
2.1472
2.340
2.2800
2.3209
2.682
2.317
2.2530
2.2406
2.2005
2.1647
2.2724
2.2968
2.2243
2.523
1.51
1.44
2.2770
2.474
1.162
2.3024
2.2266
2.1394
2.2645
2.762
2.882
2.1228
2.1400
2.2337
2.270
2.200
2.1989
2.1847
2.2492
2.225
2.2485
2.1159
2.2914
2.2285
2.1878
2.1017
2.3190
2.3136
2.2531
1.157
2.915
2.1834
2.1642
2.2638
2.3146
2.2964
2.1975
2.320
2.1066
2.1991
2.3094
1.121
2.266
2.2776
2.290
2.714
2.525
2.2652
2.2852
2.903
2.3109
2.2581
2.1076
2.517
2.1639
2.3114
2.814
2.850
2.664
2.598
2.851
1.54
2.2958
2.1378
2.921
2.476
2.1578
2.2593
2.2917
2.2560
1.113
2.1321
2.689
2.928
2.2365
2.2434
2.2510
2.977
2.1591
2.1240
2.186
2.1993
2.933
2.1235
2.2502
2.3160
2.1152
2.801
2.694
2.1807
2.2178
2.2939
2.3110
2.2340
2.1150
2.681
2.2576
2.330
2.1000
2.1216
2.1448
2.2612
2.1528
2.2482
2.585
2.1939
2.1933
2.1731
2.1212
2.2450
1.13
2.2804
2.3081
2.1718
2.2234
2.3027
2.346
2.2020
2.1358
2.1950
2.972
2.2807
2.1104
2.1951
2.1456
2.487
2.1827
2.544
2.1260
2.244
2.1578
2.746
2.1211
2.1414
2.300
2.2916
2.546
2.1176
2.956
2.2148
2.2348
2.1375
2.2873
2.829
2.1386
2.435
2.1228
2.2535
2.2021
2.2539
2.2947
2.1567
2.1138
2.1182
2.194
2.3170
2.571
2.1610
2.386
2.1719
2.663
2.930
2.1189
2.344
2.2921
2.1887
2.1921
2.2402
2.1252
2.1457
2.746
1.160
2.2900
2.1184
2.1546
2.862
2.1489
2.2340
2.2289
2.2239
2.723
2.1398
2.1534
2.2632
2.603
2.594
2.1528
2.667
2.1468
2.861
2.3209
2.1874
2.1021
2.2586
2.2332
2.2499
2.2012
2.3050
2.2175
2.2530
2.1693
2.1898
2.2060
2.1385
2.1165
2.950
2.1528
2.1382
2.2606
2.2042
2.280
2.765
2.1445
2.836
2.1926
2.1363
2.872
2.2756
2.1253
2.3178
1.150
2.2717
2.1528
2.1746
2.2319
2.2162
2.1840
2.1177
2.1692
2.1816
2.2055
2.2990
2.2190
2.2199
2.390
2.1231
2.1526
2.1728
2.3140
2.1058
2.575
2.583
2.2734
2.2960
1.147
2.626
2.2045
2.1516
2.297
1.141
2.2042
2.2021
2.2245
1.38
2.1369
2.1133
2.1692
2.753
2.975
2.362
2.1696
2.2507
2.3075
2.2209
2.2181
2.2571
2.1077
2.1836
2.2962
2.1821
2.2879
2.2278
2.900
2.431
2.1559
2.1252
2.1954
2.954
2.1237
2.826
2.1852
2.818
2.1360
2.2151
2.2043
2.2172
1.58
2.845
1.88
2.698
2.2625
2.683
2.306
2.770
1.167
2.191
2.1322
2.1412
2.608
2.865
2.2445
2.1345
2.2525
2.2392
2.221
2.934
2.555
2.2461
1.17
1.129
2.2950
2.1114
2.2756
2.1673
2.663
2.2528
2.1113
2.425
2.1650
2.952
2.3128
2.985
2.2037
2.2497
2.1061
2.2047
2.2172
2.1404
2.722
2.430
2.1696
2.1567
2.1399
2.2155
2.271
2.575
2.2815
2.661
2.3193
2.2292
2.2008
2.2134
2.3164
2.197
2.328
2.2342
2.2224
2.3118
2.2075
2.818
2.2517
2.1757
2.1155
2.629
2.2236
2.1742
2.504
2.1568
2.2692
2.540
2.1074
2.2160
2.2060
1.65
2.1276
2.3121
2.1402
2.969
2.2314
2.200
2.2512
2.2039
2.1156
2.1813
2.2148
2.1022
2.1180
2.2951
1.50
2.927
2.1152
2.1749
2.1914
2.3219
2.1472
2.361
2.2579
2.1163
2.3186
2.2113
1.29
2.2674
2.1969
2.2022
2.1959
2.1426
2.1129
2.2565
2.260
2.1394
2.1643
2.1121
2.2155
2.899
2.1371
2.1382
2.1987
2.1524
2.1535
2.704
2.2435
2.857
2.958
2.2424
2.2037
2.664
2.1108
2.1531
2.2320
2.374
2.2677
2.1892
2.733
2.2690
2.260
2.2864
2.1519
1.63
2.1473
2.2493
1.29
2.1977
2.2496
1.5
2.3016
2.424
2.3008
2.2432
2.588
2.645
2.3092
2.2496
2.1369
2.1646
2.1675
2.2350
2.1900
2.406
2.1032
1.114
2.2022
2.2347
2.544
2.867
2.1395
1.174
2.1426
2.1476
2.1803
2.1813
2.2626
2.677
2.2710
2.383
2.1897
2.1201
2.2752
2.2846
2.1914
2.1328
2.1523
2.1179
2.1101
2.1996
2.1513
2.921
2.659
2.1558
1.51
2.2675
2.1708
2.1559
2.1724
2.891
2.3181
2.809
2.219
2.2553
2.2060
2.2962
2.2100
2.2831
2.1838
2.2761
2.1489
2.2702
2.2297
2.1028
2.2814
2.1135
2.2819
2.3060
2.2094
2.854
2.463
2.2833
2.2443
2.2170
2.1567
2.459
2.765
2.2314
2.1447
2.1740
2.2307
2.1730
2.755
2.2326
2.2939
2.2521
2.402
2.648
2.2028
2.2647
2.979
2.749
2.1293
2.1608
2.866
2.2505
2.2553
2.507
2.1970
2.910
2.459
2.652
2.1887
2.3030
2.1826
2.1108
2.776
2.439
1.80
2.1869
2.2913
2.559
2.2567
2.3115
2.1311
2.2070
2.2679
2.1670
2.1604
2.3174
2.3093
2.3015
1.149
2.1603
2.3059
2.216
2.889
2.468
2.2987
2.1597
2.2359
2.1395
2.306
2.280
2.2124
2.835
2.187
2.1876
2.2646
2.1936
2.2152
2.1640
2.3134
2.981
2.2690
2.2507
2.1899
2.3016
2.2482
2.3051
2.2724
2.275
2.1092
2.2281
2.2925
2.1795
2.2244
1.20
2.2365
2.2561
2.1956
2.2218
2.1433
1.23
2.229
1.151
2.2907
2.1546
2.825
2.1897
2.276
2.1106
2.1515
2.1073
2.1317
2.1007
2.1283
2.357
2.906
2.2379
2.3188
2.549
2.1461
2.2581
2.522
2.2399
2.2139
2.2311
2.2605
2.2297
2.768
2.1316
1.3
2.493
2.1726
1.154
2.2131
2.2328
2.1752
2.2766
2.1657
2.2276
2.1196
1.80
2.2072
2.720
2.3044
2.1118
2.980
2.1007
2.2166
1.110
2.2848
2.529
2.701
2.2943
2.2662
2.698
2.3090
2.1836
2.2309
2.432
2.2563
2.1409
2.3008
2.1534
2.1483
2.2012
2.1092
2.1865
2.2213
2.1063
2.1548
2.2947
2.2459
2.2935
2.933
2.2650
2.1491
2.1453
1.55
2.2065
2.2293
2.1141
2.1204
2.1656
2.1380
2.3181
2.609
2.2915
2.2572
2.305
2.710
2.2910
2.1660
2.2305
2.1190
2.2976
2.1771
2.2589
2.1802
2.1813
2.2764
2.2823
2.1787
2.2978
2.2061
2.1613
2.1480
2.2855
2.1176
2.2648
1.147
2.1308
2.2007
2.2779
2.1760
2.536
2.1900
2.2086
2.616
2.2711
2.2113
2.2129
2.3207
2.3193
2.529
2.2815
2.704
1.143
2.1095
2.1131
2.341
2.358
2.2997
2.684
2.568
2.653
2.2734
2.2327
2.3058
2.1425
2.483
2.2839
2.3215
2.1734
2.674
2.1610
2.1734
2.1689
2.3040
2.2670
2.3143
2.712
2.1746
2.1864
2.1692
2.650
2.1920
2.1811
2.2612
2.1198
2.2210
2.2635
2.1108
2.1643
2.257
2.1400
2.876
2.854
2.2664
1.47
2.2748
2.414
2.2777
2.1559
2.3113
2.2993
2.900
2.1668
2.2140
2.754
2.1158
2.3217
2.535
2.2913
1.54
2.682
2.2457
2.2763
2.1230
2.2619
1.73
2.2894
2.3207
2.2223
2.2335
2.3003
2.2512
2.2096
2.1712
2.2894
1.38
2.3117
2.2737
2.1244
2.1296
2.1937
2.1847
2.1712
2.1687
2.1306
2.402
2.1006
2.1932
1.81
2.3134
2.629
2.1598
2.1001
2.693
2.1059
2.2078
2.2831
2.2390
2.989
2.810
2.829
2.2778
2.518
2.535
2.804
2.583
2.1026
2.2804
2.1675
2.1848
2.1589
2.1238
2.1549
2.1108
2.1809
2.2724
2.655
2.3075
2.2019
2.1982
2.2187
2.2566
2.1755
2.1629
2.2928
2.327
2.1321
2.312
2.2829
2.2105
2.3138
2.2634
2.669
2.2761
2.2119
2.327
2.1524
2.792
2.2971
2.703
2.2296
2.2351
2.1468
2.2750
2.1963
2.1325
2.2577
2.467
2.1758
2.2866
2.2337
2.2851
2.1443
2.3187
2.2754
2.731
2.1405
2.818
2.2853
2.1962
2.1862
2.2212
2.227
1.105
2.901
2.2792
2.2103
2.906
2.977
2.3158
2.3153
2.2638
2.1083
2.1995
2.239
2.694
2.1562
2.2823
2.3194
2.2862
2.1361
2.1523
1.43
2.1449
2.1040
2.2516
2.2312
2.2113
2.2347
2.2477
2.1951
2.3203
2.3184
2.2572
2.293
2.832
2.3129
2.1881
2.1859
2.2273
2.1017
2.1469
2.1866
2.889
2.1495
2.1315
2.635
2.2234
2.1713
2.1619
1.29
2.1505
2.2146
2.1305
2.1972
2.2117
2.2872
1.104
2.1869
2.1256
2.828
2.2356
2.251
2.3164
2.2457
2.239
2.499
2.1214
2.2065
2.3099
2.2729
2.2758
2.1652
2.3148
2.612
2.664
2.2839
2.467
2.497
2.2135
2.1565
2.214
2.383
2.2161
2.1614
2.1542
2.2908
2.3017
2.1313
2.1548
2.593
2.1161
2.1884
2.2211
2.787
2.1304
2.1300
2.526
2.2368
2.2403
2.2132
2.598
2.2147
2.783
2.410
2.1057
2.439
1.122
2.219
2.2742
2.1207
2.596
2.1897
2.1206
2.1107
2.925
2.450
2.273
2.1343
2.1987
2.1600
2.1562
2.1919
2.1680
2.1222
2.1675
2.2482
2.2940
2.894
2.1207
2.2645
2.1951
2.2055
2.2847
2.1633
2.1031
2.1295
2.1648
2.1135
2.290
2.1309
2.1171
2.1660
2.1321
2.1899
2.1950
2.2977
2.481
2.369
2.2036
2.245
2.2495
2.2709
2.1916
2.1631
2.1594
2.1013
2.1364
2.2748
2.759
2.333
2.323
2.2729
2.3010
1.33
2.2976
2.1951
2.1401
2.2171
2.3169
2.2356
2.1968
2.900
2.1867
2.2506
2.2748
2.1782
2.2079
2.1759
2.983
2.3192
2.693
2.2516
2.396
2.541
2.1983
2.1497
2.517
2.2787
2.1918
2.1748
2.976
2.1873
2.751
2.1242
2.2467
1.157
2.1441
2.2621
2.1579
2.335
2.2311
2.1300
2.308
2.1270
2.392
2.1307
2.1725
2.463
2.2441
2.1081
2.3136
2.1537
2.1679
2.2202
2.862
2.689
2.2697
2.2275
2.672
2.1049
2.1154
2.1865
2.782
2.531
2.1869
2.3027
2.1990
2.2928
2.2641
2.1471
2.3100
1.133
2.2445
2.3067
2.740
2.3198
2.2385
2.1160
2.2154
2.2300
2.2919
2.1982
2.1997
2.2970
2.3179
2.2594
2.1076
2.1060
2.279
2.807
2.984
2.2303
1.75
2.1331
2.792
2.2037
2.3020
2.1619
1.146
2.2385
2.1585
2.2839
2.3124
2.2254
2.1979
2.2871
2.1453
2.942
2.1508
2.2739
2.1718
2.2802
2.2402
2.1389
2.487
2.653
2.628
2.2177
2.3111
2.2328
2.1971
2.841
2.1766
2.1870
2.2666
2.2390
2.967
2.463
2.509
2.2839
2.1006
2.2750
2.1402
1.43
2.2251
2.2596
2.1492
2.2397
2.1492
2.2610
2.573
2.2285
2.2909
2.1631
2.1949
2.567
2.745
2.2162
2.609
2.3160
2.2217
2.1113
2.413
2.1099
2.664
1.52
2.920
2.1806
2.418
2.2453
2.2850
2.2530
2.2742
2.899
2.1596
2.3015
2.2820
2.2862
2.1719
1.171
2.1184
2.799
2.729
2.2000
2.3215
2.1038
2.2572
2.3143
1.154
2.2659
2.1153
2.2901
2.1011
2.2430
1.69
2.2450
2.260
2.795
2.3066
2.1267
2.1081
2.1454
2.1956
2.1128
2.2704
2.1230
2.2097
2.1547
2.1937
2.1740
2.2058
2.3185
2.2430
2.3022
2.2699
2.617
2.2081
2.1518
2.856
2.1659
2.652
2.1189
2.2923
2.2537
2.2298
2.1957
2.2312
2.1972
2.494
2.1379
2.1920
2.1225
2.1311
2.2861
1.161
2.289
2.2890
2.651
2.1679
2.1607
2.1815
2.2115
2.1748
2.2872
2.2384
2.2701
2.1828
2.2824
2.3151
1.67
2.659
2.1998
1.162
2.3207
2.2903
2.650
2.3089
2.1534
2.681
2.764
2.2743
1.38
2.1464
2.657
2.3010
2.2367
2.1783
2.917
2.772
2.2739
2.1445
2.2651
2.3033
2.2084
2.1566
2.1331
2.2024
2.295
2.2713
2.276
2.1054
2.709
2.2265
2.908
2.2667
2.2893
2.1785
2.2009
2.551
2.3076
2.281
2.2953
2.3015
2.1062
2.2879
2.1742
2.2242
2.1284
2.1456
2.1502
2.1980
2.2024
2.2673
2.1823
2.1156
2.1990
2.2814
2.816
2.2764
2.1519
2.794
2.438
2.1064
2.2927
2.2238
2.2486
2.752
1.4
2.318
2.1665
2.2356
2.282
2.1210
2.508
2.2172
2.1293
2.1564
2.2213
2.884
2.1896
2.1426
2.1081
2.2223
2.2816
1.72
2.363
2.2781
2.2791
2.1471
2.1611
2.2898
2.2329
2.2864
2.1264
2.754
2.2349
2.1860
2.2767
2.1489
2.807
2.1818
2.235
2.1728
2.1377
2.741
2.804
2.962
2.3126
2.518
2.2274
2.1774
2.1147
2.3077
2.2508
2.761
2.637
2.521
2.2539
2.1986
1.46
2.2187
2.1830
2.2508
2.1463
2.1638
2.807
2.1299
2.1562
2.1590
2.412
2.1156
2.3095
2.440
2.3136
2.922
2.2390
2.334
2.267
2.281
2.302
2.1422
2.2428
2.2348
2.859
2.2713
2.3171
2.2419
2.1411
2.728
2.676
2.908
2.360
2.577
2.1285
2.2828
2.1906
2.3208
2.989
1.102
2.2047
2.881
2.1266
2.1149
2.1778
2.295
2.2681
2.2601
2.1145
2.1337
2.763
2.1277
2.3075
2.2409
2.829
2.2894
1.164
2.1303
2.2115
2.1758
2.2194
2.1115
2.1034
2.2523
2.2325
2.409
2.851
1.106
2.2327
2.2124
1.136
2.1260
2.3004
2.2266
2.1758
2.2811
2.2192
2.3149
2.2109
2.1343
2.2577
2.2314
2.1060
2.1005
2.1840
2.1465
2.3019
2.1515
2.198
2.237
2.3208
2.3053
2.2149
1.70
2.355
2.2487
2.987
1.163
2.539
2.2926
2.1056
2.755
2.1146
2.911
2.642
2.399
2.543
2.493
2.1357
2.2275
2.1004
2.3169
2.2500
2.2225
2.3112
2.2971
2.1253
1.79
2.1128
2.1530
2.665
2.2440
2.1436
2.938
2.1891
2.2965
1.17
2.1469
2.1894
2.1586
2.1639
2.1073
2.782
2.983
2.897
2.1146
2.1868
1.72
2.787
2.769
2.583
2.2868
2.2244
1.104
2.268
2.3079
2.2020
2.2821
2.331
2.1766
2.3048
2.236
2.1129
2.1656
2.1727
1.73
2.3021
2.2970
2.2019
2.440
2.2859
2.2670
2.1131
2.1871
2.1079
2.2590
2.661
2.3117
2.1931
2.3073
2.3130
2.2317
2.1057
2.294
2.1817
2.679
2.2768
2.1280
2.2612
2.732
2.2252
1.122
2.3128
2.1913
2.635
2.707
2.1594
2.1938
2.1405
2.2376
2.1760
2.2512
2.2471
2.2950
2.918
2.902
2.255
2.827
2.2068
2.2927
2.2241
2.2552
2.2163
2.1944
2.706
2.3154
1.166
2.2580
2.415
2.3129
2.2525
2.2904
2.1263
2.399
2.721
2.2520
2.2061
2.2893
2.3082
2.2725
2.1027
2.1422
2.1299
2.2024
2.1005
2.2883
2.1797
2.863
2.1137
2.2480
2.1504
2.1078
2.733
2.978
2.2565
2.3154
2.1981
2.1304
2.1772
2.832
2.1042
2.1103
2.834
2.362
2.366
2.1611
2.3193
2.1876
2.828
2.1222
2.1415
2.225
1.122
2.1876
2.1169
2.2709
2.2338
2.2677
2.2588
2.227
2.1474
2.2470
2.1205
2.1825
2.923
1.175
2.2275
2.2554
2.1555
2.2302
2.1894
2.2562
2.2501
2.1131
1.23
2.1289
2.1815
2.1447
2.542
2.1454
2.1971
2.915
2.1875
2.1079
1.36
2.2808
2.2993
2.582
2.2871
2.2709
2.2263
2.2145
1.89
2.1502
2.2691
2.2440
2.2104
2.2071
2.671
2.257
2.624
2.2079
2.223
2.2136
2.1694
2.995
2.2375
2.925
2.2625
2.2495
2.2871
2.706
1.88
2.2167
2.1569
2.532
2.1386
2.2525
2.2476
2.196
2.2943
2.2323
2.1859
2.1726
2.2687
2.336
2.1855
2.2481
2.1798
2.2993
2.1702
2.1017
2.358
2.417
2.1674
2.2592
2.286
2.383
2.2905
2.725
2.1538
2.1551
2.1147
2.461
2.2693
1.66
2.2656
1.109
2.2550
2.2361
2.710
2.974
2.955
2.1284
2.2951
2.1081
2.1532
2.1838
2.1817
2.1877
2.808
2.825
1.162
2.2861
2.2897
2.1115
1.75
2.1749
2.2839
2.2888
2.2496
2.503
2.2423
2.2794
2.481
2.2694
2.1400
2.2751
2.2267
2.3171
2.497
2.528
2.491
2.1904
2.1392
2.690
2.538
2.1669
2.947
2.2542
2.597
2.1840
2.2287
2.1080
2.1565
1.73
2.723
1.51
2.1620
2.3147
2.877
2.1330
2.407
1.102
1.144
2.2221
2.316
2.1286
2.2625
2.1235
2.2064
2.2239
2.1457
2.701
2.1612
2.3128
2.198
1.99
2.2547
2.1857
2.2739
2.559
2.3007
2.1033
2.519
2.2553
2.1536
2.1584
2.2735
2.882
1.53
2.2382
2.916
1.113
2.1592
2.903
2.2563
2.257
2.2034
2.1355
2.2905
2.413
2.959
1.1
2.635
2.3157
2.2657
2.1209
2.2282
2.1629
2.825
2.778
2.918
2.1609
2.1976
2.3167
2.213
2.2281
2.958
2.1432
2.2507
2.1465
2.225
2.2575
2.848
2.1598
2.1257
2.750
2.2831
2.2805
2.3206
2.1652
2.1172
2.2812
2.3155
2.1712
2.2929
2.2051
2.689
2.1698
2.1360
2.2761
2.3078
2.962
2.2929
2.1666
2.2347
2.1594
2.1900
2.490
2.3180
2.2238
2.437
2.1469
2.908
2.3099
2.627
2.502
2.1413
2.528
2.2839
2.3214
2.2082
2.2319
2.1817
2.3063
2.768
2.462
2.3003
2.673
2.2800
2.1748
2.521
2.2541
2.1277
2.2217
2.1125
2.3147
1.167
2.2160
2.654
2.1230
2.815
2.1461
2.2439
2.1114
2.1259
2.1313
2.3171
2.2456
2.2506
2.931
2.1970
2.2082
2.2670
2.2559
2.2110
2.1672
2.759
2.1487
2.2078
2.650
1.138
2.2912
2.2634
2.2947
2.1028
2.746
2.1870
2.2365
2.1209
2.528
2.320
1.109
2.2566
2.605
2.590
2.1764
2.1990
2.860
2.1265
1.116
2.212
1.149
2.2678
2.470
1.8
2.1104
2.2608
2.532
2.1746
2.695
2.194
2.1585
2.1028
2.439
2.1751
2.1101
2.1342
2.3125
2.2763
2.2995
2.360
2.3110
2.251
2.2068
2.270
2.2994
1.102
2.3022
2.2274
2.2892
2.2994
2.1341
2.2396
2.2147
2.675
2.889
2.2518
2.1643
2.2998
2.1643
2.1183
2.1157
2.1552
2.1511
2.809
2.2748
2.2347
2.2410
2.1019
2.2567
2.2777
2.1885
2.1327
2.2487
2.2924
2.498
2.2801
2.1205
2.340
2.615
2.2086
2.650
2.214
2.3137
2.1852
2.1160
2.2693
2.3149
2.1276
2.2780
2.1598
2.2576
2.718
2.995
2.1777
2.2405
1.24
2.2709
2.884
2.2008
2.1609
2.1193
2.2397
2.879
2.2564
2.1792
2.2660
2.2495
2.2672
2.301
2.2842
2.1161
2.2435
2.2058
2.272
2.468
2.2488
2.1484
2.3082
2.1563
2.1057
2.1557
2.1770
2.530
2.2199
2.977
2.1149
2.2542
2.1190
2.564
2.1661
1.11
2.476
2.2092
2.1251
2.640
2.966
1.19
2.586
2.1503
2.2001
2.667
2.212
2.2304
2.1355
2.1986
2.743
2.2038
2.215
2.1671
2.865
2.2774
2.438
2.2970
2.1589
2.2803
2.1863
2.2848
2.2969
2.2522
2.259
1.145
2.366
2.1178
2.832
1.160
2.1832
2.2247
2.2598
2.2698
2.2856
2.1456
1.135
2.1622
2.623
2.2626
2.687
2.1868
2.1660
2.2567
2.1191
2.2208
2.2482
2.3058
2.1475
2.1178
2.1167
2.1816
2.2009
2.2661
2.315
2.1344
2.1737
2.3041
2.823
2.2215
1.82
2.2844
2.1059
2.450
2.1798
2.3142
2.1078
2.1206
2.3078
2.2205
2.967
2.2677
